귀납법 귀류법 

귀납적 추론은 공통된 예시들을 들어가며 하나의 결론을 내는 거 

귀류법은 증명하고자 하는 명제의 결론을 거짓이라 가정했을 때, 기존에 가정했던 것들과 상충됨을 보여 원 명제가 참임을 증명하는 방법 

['A', 'a', '0', 'a', 'P', 'A', 'f', '9', '8', '5', 'B', 'z', '1', 'E', 'h', 'C', 'z', '2', 'W', '3', 'D', '1', 'g', 'k', 'D', '6', 'x']

A A B C D D
a f z z
0 9 1 2 1
a 8 E W g 6
P 5 h 3 k x


2
ABCDE
abcde
01234
FGHIJ
fghij
AABCDD
afzz
09121
a8EWg6
P5h3kx




ABCDE
abcde
01234
FGHIJ
fghij
#1 ABCDEabcde01234FGHIJfghij
AABCDD
afzz
09121
a8EWg6
P5h3kx
#2 AABCDDafzz09121a8EWg6P5h3kx




[[[], [9], [1], [9, 1], [6], [9, 6], [1, 6], [9, 1, 6]],
 [[], [1], [6], [1, 6], [7], [1, 7], [6, 7], [1, 6, 7]],
 [[], [6], [7], [6, 7], [5], [6, 5], [7, 5], [6, 7, 5]],
 [[], [7], [5], [7, 5], [4], [7, 4], [5, 4], [7, 5, 4]],
 [[], [5], [4], [5, 4], [6], [5, 6], [4, 6], [5, 4, 6]],
 [[], [4], [6], [4, 6], [7], [4, 7], [6, 7], [4, 6, 7]],
 [[], [9], [5], [9, 5], [1], [9, 1], [5, 1], [9, 5, 1]],
 [[], [5], [1], [5, 1], [8], [5, 8], [1, 8], [5, 1, 8]],
 [[], [1], [8], [1, 8], [8], [1, 8], [8, 8], [1, 8, 8]],
 [[], [8], [8], [8, 8], [3], [8, 3], [8, 3], [8, 8, 3]],
 [[], [8], [3], [8, 3], [5], [8, 5], [3, 5], [8, 3, 5]],
 [[], [3], [5], [3, 5], [8], [3, 8], [5, 8], [3, 5, 8]],
 [[], [5], [2], [5, 2], [6], [5, 6], [2, 6], [5, 2, 6]],
 [[], [2], [6], [2, 6], [8], [2, 8], [6, 8], [2, 6, 8]],
 [[], [6], [8], [6, 8], [6], [6, 6], [8, 6], [6, 8, 6]],
 [[], [8], [6], [8, 6], [9], [8, 9], [6, 9], [8, 6, 9]],
 [[], [6], [9], [6, 9], [2], [6, 2], [9, 2], [6, 9, 2]],
 [[], [9], [2], [9, 2], [1], [9, 1], [2, 1], [9, 2, 1]],
 [[], [9], [2], [9, 2], [1], [9, 1], [2, 1], [9, 2, 1]],
 [[], [2], [1], [2, 1], [8], [2, 8], [1, 8], [2, 1, 8]],
 [[], [1], [8], [1, 8], [7], [1, 7], [8, 7], [1, 8, 7]],
 [[], [8], [7], [8, 7], [5], [8, 5], [7, 5], [8, 7, 5]],
 [[], [7], [5], [7, 5], [2], [7, 2], [5, 2], [7, 5, 2]],
 [[], [5], [2], [5, 2], [3], [5, 3], [2, 3], [5, 2, 3]],
 [[], [6], [5], [6, 5], [5], [6, 5], [5, 5], [6, 5, 5]],
 [[], [5], [5], [5, 5], [1], [5, 1], [5, 1], [5, 5, 1]],
 [[], [5], [1], [5, 1], [4], [5, 4], [1, 4], [5, 1, 4]],
 [[], [1], [4], [1, 4], [5], [1, 5], [4, 5], [1, 4, 5]],
 [[], [4], [5], [4, 5], [7], [4, 7], [5, 7], [4, 5, 7]],
 [[], [5], [7], [5, 7], [2], [5, 2], [7, 2], [5, 7, 2]],
 [[], [1], [7], [1, 7], [1], [1, 1], [7, 1], [1, 7, 1]],
 [[], [7], [1], [7, 1], [8], [7, 8], [1, 8], [7, 1, 8]],
 [[], [1], [8], [1, 8], [1], [1, 1], [8, 1], [1, 8, 1]],
 [[], [8], [1], [8, 1], [9], [8, 9], [1, 9], [8, 1, 9]],
 [[], [1], [9], [1, 9], [5], [1, 5], [9, 5], [1, 9, 5]],
 [[], [9], [5], [9, 5], [5], [9, 5], [5, 5], [9, 5, 5]],
 [[], [6], [2], [6, 2], [2], [6, 2], [2, 2], [6, 2, 2]],
 [[], [2], [2], [2, 2], [9], [2, 9], [2, 9], [2, 2, 9]],
 [[], [2], [9], [2, 9], [2], [2, 2], [9, 2], [2, 9, 2]],
 [[], [9], [2], [9, 2], [5], [9, 5], [2, 5], [9, 2, 5]],
 [[], [2], [5], [2, 5], [1], [2, 1], [5, 1], [2, 5, 1]],
 [[], [5], [1], [5, 1], [4], [5, 4], [1, 4], [5, 1, 4]],
 [[], [7], [1], [7, 1], [1], [7, 1], [1, 1], [7, 1, 1]],
 [[], [1], [1], [1, 1], [2], [1, 2], [1, 2], [1, 1, 2]],
 [[], [1], [2], [1, 2], [5], [1, 5], [2, 5], [1, 2, 5]],
 [[], [2], [5], [2, 5], [9], [2, 9], [5, 9], [2, 5, 9]],
 [[], [5], [9], [5, 9], [5], [5, 5], [9, 5], [5, 9, 5]],
 [[], [9], [5], [9, 5], [7], [9, 7], [5, 7], [9, 5, 7]]]

C = 12

[[[], [9], [1], [9, 1], [6], [1, 6]],
 [[], [1], [6], [1, 6], [7], [1, 7]],
 [[], [6], [7], [5], [6, 5]],
 [[], [7], [5], [4], [7, 4], [5, 4]],
 [[], [5], [4], [5, 4], [6], [5, 6], [4, 6]],
 [[], [4], [6], [4, 6], [7], [4, 7]],
 [[], [9], [5], [1], [9, 1], [5, 1]],
 [[], [5], [1], [5, 1], [8], [1, 8]],
 [[], [1], [8], [1, 8], [8], [1, 8]],
 [[], [8], [8], [3], [8, 3], [8, 3]],
 [[], [8], [3], [8, 3], [5], [3, 5]],
 [[], [3], [5], [3, 5], [8], [3, 8]],
 [[], [5], [2], [5, 2], [6], [5, 6], [2, 6]],
 [[], [2], [6], [2, 6], [8], [2, 8]],
 [[], [6], [8], [6]],
 [[], [8], [6], [9]],
 [[], [6], [9], [2], [6, 2], [9, 2]],
 [[], [9], [2], [9, 2], [1], [9, 1], [2, 1]],
 [[], [9], [2], [9, 2], [1], [9, 1], [2, 1]],
 [[], [2], [1], [2, 1], [8], [2, 8], [1, 8], [2, 1, 8]],
 [[], [1], [8], [1, 8], [7], [1, 7]],
 [[], [8], [7], [5]],
 [[], [7], [5], [2], [7, 2], [5, 2]],
 [[], [5], [2], [5, 2], [3], [5, 3], [2, 3], [5, 2, 3]],
 [[], [6], [5], [6, 5], [5], [6, 5], [5, 5]],
 [[], [5], [5], [5, 5], [1], [5, 1], [5, 1], [5, 5, 1]],
 [[], [5], [1], [5, 1], [4], [5, 4], [1, 4], [5, 1, 4]],
 [[], [1], [4], [1, 4], [5], [1, 5], [4, 5], [1, 4, 5]],
 [[], [4], [5], [4, 5], [7], [4, 7]],
 [[], [5], [7], [2], [5, 2], [7, 2]],
 [[], [1], [7], [1, 7], [1], [1, 1], [7, 1], [1, 7, 1]],
 [[], [7], [1], [7, 1], [8], [1, 8]],
 [[], [1], [8], [1, 8], [1], [1, 1], [8, 1], [1, 8, 1]],
 [[], [8], [1], [8, 1], [9], [1, 9]],
 [[], [1], [9], [1, 9], [5], [1, 5]],
 [[], [9], [5], [5], [5, 5]],
 [[], [6], [2], [6, 2], [2], [6, 2], [2, 2], [6, 2, 2]],
 [[], [2], [2], [2, 2], [9], [2, 9], [2, 9]],
 [[], [2], [9], [2, 9], [2], [2, 2], [9, 2]],
 [[], [9], [2], [9, 2], [5], [2, 5]],
 [[], [2], [5], [2, 5], [1], [2, 1], [5, 1], [2, 5, 1]],
 [[], [5], [1], [5, 1], [4], [5, 4], [1, 4], [5, 1, 4]],
 [[], [7], [1], [7, 1], [1], [7, 1], [1, 1], [7, 1, 1]],
 [[], [1], [1], [1, 1], [2], [1, 2], [1, 2], [1, 1, 2]],
 [[], [1], [2], [1, 2], [5], [1, 5], [2, 5], [1, 2, 5]],
 [[], [2], [5], [2, 5], [9], [2, 9]],
 [[], [5], [9], [5], [5, 5]],
 [[], [9], [5], [7]]]

[[[9], [1], [9, 1], [6], [1, 6]],
 [[1], [6], [1, 6], [7], [1, 7]],
 [[6], [7], [5], [6, 5]],
 [[7], [5], [4], [7, 4], [5, 4]],
 [[5], [4], [5, 4], [6], [5, 6], [4, 6]],
 [[4], [6], [4, 6], [7], [4, 7]],
 [[9], [5], [1], [9, 1], [5, 1]],
 [[5], [1], [5, 1], [8], [1, 8]],
 [[1], [8], [1, 8], [8], [1, 8]],
 [[8], [8], [3], [8, 3], [8, 3]],
 [[8], [3], [8, 3], [5], [3, 5]],
 [[3], [5], [3, 5], [8], [3, 8]],
 [[5], [2], [5, 2], [6], [5, 6], [2, 6]],
 [[2], [6], [2, 6], [8], [2, 8]],
 [[6], [8], [6]],
 [[8], [6], [9]],
 [[6], [9], [2], [6, 2], [9, 2]],
 [[9], [2], [9, 2], [1], [9, 1], [2, 1]],
 [[9], [2], [9, 2], [1], [9, 1], [2, 1]],
 [[2], [1], [2, 1], [8], [2, 8], [1, 8], [2, 1, 8]],
 [[1], [8], [1, 8], [7], [1, 7]],
 [[8], [7], [5]],
 [[7], [5], [2], [7, 2], [5, 2]],
 [[5], [2], [5, 2], [3], [5, 3], [2, 3], [5, 2, 3]],
 [[6], [5], [6, 5], [5], [6, 5], [5, 5]],
 [[5], [5], [5, 5], [1], [5, 1], [5, 1], [5, 5, 1]],
 [[5], [1], [5, 1], [4], [5, 4], [1, 4], [5, 1, 4]],
 [[1], [4], [1, 4], [5], [1, 5], [4, 5], [1, 4, 5]],
 [[4], [5], [4, 5], [7], [4, 7]],
 [[5], [7], [2], [5, 2], [7, 2]],
 [[1], [7], [1, 7], [1], [1, 1], [7, 1], [1, 7, 1]],
 [[7], [1], [7, 1], [8], [1, 8]],
 [[1], [8], [1, 8], [1], [1, 1], [8, 1], [1, 8, 1]],
 [[8], [1], [8, 1], [9], [1, 9]],
 [[1], [9], [1, 9], [5], [1, 5]],
 [[9], [5], [5], [5, 5]],
 [[6], [2], [6, 2], [2], [6, 2], [2, 2], [6, 2, 2]],
 [[2], [2], [2, 2], [9], [2, 9], [2, 9]],
 [[2], [9], [2, 9], [2], [2, 2], [9, 2]],
 [[9], [2], [9, 2], [5], [2, 5]],
 [[2], [5], [2, 5], [1], [2, 1], [5, 1], [2, 5, 1]],
 [[5], [1], [5, 1], [4], [5, 4], [1, 4], [5, 1, 4]],
 [[7], [1], [7, 1], [1], [7, 1], [1, 1], [7, 1, 1]],
 [[1], [1], [1, 1], [2], [1, 2], [1, 2], [1, 1, 2]],
 [[1], [2], [1, 2], [5], [1, 5], [2, 5], [1, 2, 5]],
 [[2], [5], [2, 5], [9], [2, 9]],
 [[5], [9], [5], [5, 5]],
 [[9], [5], [7]]]